9626 90
18620 14
19806 85
2542 19
17186 37
13317 51
1488 92
6314 63
15267 88
15771 67
12960 91
484 67
6691 51
9205 74
5547 32
5146 2
15803 17
18735 16
13398 92
10965 97
2293 26
5774 4
19230 39
11050 24
15980 94
12337 86
19895 42
13174 99
5334 59
6588 36
7937 49
14340 86
17400 55
13120 24
9487 14
7275 97
2544 22
2465 53
8607 47
4768 95
16759 87
1073 30
9161 83
2772 19
16595 76
17871 62
19291 20
1069 89
8246 15
18574 72
19348 37
10938 42
14273 63
9997 46
7343 32
16366 22
1939 68
18351 24
11312 23
3758 30
14808 82
4035 2
17096 41
10021 9
5621 70
11572 88
12987 27
16856 58
938 46
10964 27
1717 45
14127 15
2844 41
607 96
18065 5
11641 94
6371 60
1100 53
18256 14
5287 96
14841 77
9635 90
1301 29
3193 79
5583 74
14348 65
1581 68
3013 18
9103 63
364 35
4973 25
4659 29
12804 13
742 48
18716 3
7752 19
4427 45
19183 17
16849 5
18077 47
11267 57
11422 28
12290 59
5937 88
9141 44
1486 11
5615 19
18807 22
9687 61
19060 29
16826 95
19735 69
17245 1
18628 48
17754 84
19867 49
12128 14
5617 52
18177 21
4159 28
4888 85
4232 1
9471 72
6189 3
8970 74
7423 34
4503 84
1757 31
13515 98
18803 57
4299 51
9790 43
15751 45
1921 64
9734 26
18347 20
15433 69
283 81
2933 12
13564 40
19446 77
19810 56
6933 50
9884 92
14098 12
3187 47
7808 44
1624 35
11354 94
10567 96
10747 60
3348 12
17226 85
9913 23
11424 18
8914 99
9876 96
12327 29
3837 75
7182 21
18169 94
2538 23
17697 2
8871 32
17771 80
5684 48
8693 21
15342 11
7289 9
19981 54
5689 17
11442 19
273 81
6184 86
19703 48
10718 87
3007 3
18120 48
12396 8
10209 49
6897 29
8941 50
10173 40
19207 31
19347 13
16087 22
19378 90
19751 52
4253 64
17394 31
11133 3
8384 45
4862 98
13690 37
10831 84
17520 4
15123 68
11356 71
9878 55
8688 35
727 39
10033 26
1159 69
8706 22
1789 94
3880 96
3285 50
14830 57
19896 7
7324 31
4642 94
11078 45
2576 15
6569 23
18165 9
4870 45
12615 92
2617 52
5513 49
19358 50
2110 6
16556 9
12525 44
16629 90
1285 59
18583 9
5626 80
9935 84
11898 40
6526 11
8865 100
1887 42
11733 3
17403 70
13749 81
4675 89
949 72
6320 43
11718 38
5959 42
9688 91
6705 84
1875 21
18485 55
9086 20
3853 88
12386 50
3762 26
11736 16
4302 42
10858 85
16045 31
10939 85
15168 79
14296 74
12044 44
19184 17
18821 33
17165 24
11490 77
1439 60
16639 50
206 38
18226 83
5318 31
17766 88
7154 47
10109 34
1167 22
9362 47
4188 70
15126 100
14316 75
8453 14
5848 21
1932 51
19448 13
7102 28
14834 40
5346 97
11938 82
4153 64
6723 30
4354 100
19479 40
2025 92
5408 30
623 93
4082 33
2415 12
6701 23
4279 48
1380 62
2912 34
11828 38
1544 72
3397 72
8911 96
8403 69
5288 87
11115 50
2764 1
6248 61
16994 25
7773 78
2888 79
9711 66
6560 38
3652 8
18965 95
15754 36
19898 2
18829 36
16906 28
385 93
18857 72
14555 31
4269 63
17427 7
14317 41
3545 52
352 2
19535 8
707 16
15932 10
236 45
6719 49
18972 53
15810 65
17536 24
2474 11
7085 43
802 17
15710 99
11518 90
1373 71
10955 86
15984 54
14664 33
13080 60
5406 39
6390 3
1776 90
10330 90
7461 53
14520 92
14198 34
18969 43
7951 23
17048 9
13281 75
4901 61
16993 75
15373 90
8106 99
11310 85
15691 81
17247 6
14371 33
10914 13
14227 18
16764 49
13549 72
4010 46
7648 42
7056 100
15175 29
1619 21
3573 48
18072 14
5029 86
18816 40
13214 55
18 39
3794 82
11511 40
9200 33
18276 13
5501 47
17615 83
15734 88
11231 26
203 19
10217 64
5948 77
8768 93
7119 2
19389 90
10976 78
6492 4
6904 6
15659 3
813 31
5155 47
13224 94
9749 97
18781 9
17949 8
10791 97
4345 65